STA1 2022 06 01 00 00 120.0
STA1 2022 06 01 01 00 120.0
STA1 2022 06 01 02 00 120.0
STA1 2022 06 01 03 00 120.0
STA1 2022 06 01 04 00 120.0
STA1 2022 06 01 05 00 120.0
STA1 2022 06 01 06 00 120.0
STA1 2022 06 01 07 00 120.0
STA1 2022 06 01 08 00 120.0
STA1 2022 06 01 09 00 120.0
STA1 2022 06 01 10 00 120.0
STA1 2022 06 01 11 00 120.0
STA1 2022 06 01 12 00 120.0
STA1 2022 06 01 13 00 120.0
STA1 2022 06 01 14 00 120.0
STA1 2022 06 01 15 00 120.0
STA1 2022 06 01 16 00 120.0
STA1 2022 06 01 17 00 120.0
STA1 2022 06 01 18 00 120.0
STA1 2022 06 01 19 00 120.0