STA1 2022 06 01 00 00 -0.4218097743579879
STA1 2022 06 01 00 01 -0.3850943152970418
STA1 2022 06 01 00 02 -0.3463375968823512
STA1 2022 06 01 00 03 -0.3054206404066246
STA1 2022 06 01 00 04 -0.2622163767029106
STA1 2022 06 01 00 05 -0.216589002789581
STA1 2022 06 01 00 06 -0.1683932793689018
STA1 2022 06 01 00 07 -0.11747376297124186
STA1 2022 06 01 00 08 -0.06366396580144666
STA1 2022 06 01 00 09 -0.006785435510891927
STA1 2022 06 01 00 10 0.05335325382593299
STA1 2022 06 01 00 11 0.11695760932456442
STA1 2022 06 01 00 12 0.18424843650847708
STA1 2022 06 01 00 13 0.2554631785378555
STA1 2022 06 01 00 14 0.33085739144302845
STA1 2022 06 01 00 15 0.41070637117151154
STA1 2022 06 01 00 16 0.49530695033645733
STA1 2022 06 01 00 17 0.5849794849393466
STA1 2022 06 01 00 18 0.6800700540810626
STA1 2022 06 01 00 19 0.7809528988322838
STA1 2022 06 01 00 20 0.8880331300762822
STA1 2022 06 01 00 21 1.0017497393477786
STA1 2022 06 01 00 22 1.122578951569072
STA1 2022 06 01 00 23 1.2510379642467346
STA1 2022 06 01 00 24 1.3876891242792153
STA1 2022 06 01 00 25 1.5331446012057985
STA1 2022 06 01 00 26 1.688071624702474
STA1 2022 06 01 00 27 1.8531983646435881
STA1 2022 06 01 00 28 2.0293205443932565
STA1 2022 06 01 00 29 2.2173088925231346
STA1 2022 06 01 00 30 2.418117555305287
STA1 2022 06 01 00 31 2.6327936126270197
STA1 2022 06 01 00 32 2.86248786406241
STA1 2022 06 01 00 33 3.108467080502304
STA1 2022 06 01 00 34 3.3721279509624065
STA1 2022 06 01 00 35 3.6550129951582697
STA1 2022 06 01 00 36 3.9588287616442828
STA1 2022 06 01 00 37 4.285466690613248
STA1 2022 06 01 00 38 4.637027092157467
STA1 2022 06 01 00 39 5.015846777804246
STA1 2022 06 01 00 40 5.42453098911558
STA1 2022 06 01 00 41 5.865990396711628
STA1 2022 06 01 00 42 6.343484102124311
STA1 2022 06 01 00 43 6.860669770927113
STA1 2022 06 01 00 44 7.4216622682688556
STA1 2022 06 01 00 45 8.031102469714762
STA1 2022 06 01 00 46 8.694238297322887
STA1 2022 06 01 00 47 9.417020504237815
STA1 2022 06 01 00 48 10.20621632843422
STA1 2022 06 01 00 49 11.069544894129422
STA1 2022 06 01 00 50 12.015839206374647
STA1 2022 06 01 00 51 13.055240825424399
STA1 2022 06 01 00 52 14.199434910271142
STA1 2022 06 01 00 53 15.461935404166429
STA1 2022 06 01 00 54 16.858432861818837
STA1 2022 06 01 00 55 18.407221012903623
STA1 2022 06 01 00 56 20.129722932244732
STA1 2022 06 01 00 57 22.051144082865665
STA1 2022 06 01 00 58 24.201288137324262
STA1 2022 06 01 00 59 26.61558325876968
STA1 2022 06 01 01 00 29.3363827307853
STA1 2022 06 01 01 01 4119.179008659118
STA1 2022 06 01 01 02 2783.0008263362115
STA1 2022 06 01 01 03 1990.5251542196731
STA1 2022 06 01 01 04 1485.0403553394792
STA1 2022 06 01 01 05 1144.4846585954124
STA1 2022 06 01 01 06 905.0469143822294
STA1 2022 06 01 01 07 730.8456402380136
STA1 2022 06 01 01 08 600.5021530048903
STA1 2022 06 01 01 09 500.6641295797678
STA1 2022 06 01 01 10 422.6593459982825
STA1 2022 06 01 01 11 360.66604529508777
STA1 2022 06 01 01 12 310.66393013434214
STA1 2022 06 01 01 13 269.8079255351332
STA1 2022 06 01 01 14 236.0410768553312
STA1 2022 06 01 01 15 207.8478931475622
STA1 2022 06 01 01 16 184.09292899466715
STA1 2022 06 01 01 17 163.9126189028198
STA1 2022 06 01 01 18 146.6412483036884
STA1 2022 06 01 01 19 131.75931684609978
STA1 2022 06 01 01 20 118.85689772184229
STA1 2022 06 01 01 21 107.6072299105436
STA1 2022 06 01 01 22 97.74741323940368
STA1 2022 06 01 01 23 89.06411102975731
STA1 2022 06 01 01 24 81.3828339802648
STA1 2022 06 01 01 25 74.55981913102995
STA1 2022 06 01 01 26 68.47581229699415
STA1 2022 06 01 01 27 63.031262486221074
STA1 2022 06 01 01 28 58.14257473576691
STA1 2022 06 01 01 29 53.73916410191581
STA1 2022 06 01 01 30 49.76112161714987
STA1 2022 06 01 01 31 46.15735170091799
STA1 2022 06 01 01 32 42.88407568835414
STA1 2022 06 01 01 33 39.903621819685306
STA1 2022 06 01 01 34 37.18344095535781
STA1 2022 06 01 01 35 34.695301349739985
STA1 2022 06 01 01 36 32.41462636284569
STA1 2022 06 01 01 37 30.31994695894872
STA1 2022 06 01 01 38 28.392446908148482
STA1 2022 06 01 01 39 26.61558325876968
STA1 2022 06 01 01 40 24.974768239163872
STA1 2022 06 01 01 41 23.457101536834323
STA1 2022 06 01 01 42 22.051144082865665
STA1 2022 06 01 01 43 20.746726183385977
STA1 2022 06 01 01 44 19.534784194418357
STA1 2022 06 01 01 45 18.407221012903623
STA1 2022 06 01 01 46 17.356786516349555
STA1 2022 06 01 01 47 16.37697477344505
STA1 2022 06 01 01 48 15.461935404166425
STA1 2022 06 01 01 49 14.606396918293454
STA1 2022 06 01 01 50 13.805600227520829
STA1 2022 06 01 01 51 13.055240825424399
STA1 2022 06 01 01 52 12.351418374706926
STA1 2022 06 01 01 53 11.690592642879396
STA1 2022 06 01 01 54 11.06954489412942
STA1 2022 06 01 01 55 10.485343983189013
STA1 2022 06 01 01 56 9.935316511812026
STA1 2022 06 01 01 57 9.417020504237815
STA1 2022 06 01 01 58 8.9282221381578
STA1 2022 06 01 01 59 8.466875134967713
STA1 2022 06 01 02 00 8.03110246971476
STA1 2022 06 01 02 01 7.619180108952936
STA1 2022 06 01 02 02 7.229522525186397
STA1 2022 06 01 02 03 6.860669770927113
STA1 2022 06 01 02 04 6.511275924619591
STA1 2022 06 01 02 05 6.180098745616932
STA1 2022 06 01 02 06 5.865990396711626
STA1 2022 06 01 02 07 5.567889110997177
STA1 2022 06 01 02 08 5.284811695533629
STA1 2022 06 01 02 09 5.015846777804244
STA1 2022 06 01 02 10 4.760148712610309
STA1 2022 06 01 02 11 4.51693207713163
STA1 2022 06 01 02 12 4.285466690613247
STA1 2022 06 01 02 13 4.06507310271923
STA1 2022 06 01 02 14 3.855118501186856
STA1 2022 06 01 02 15 3.6550129951582697
STA1 2022 06 01 02 16 3.46420623558039
STA1 2022 06 01 02 17 3.2821843384476943
STA1 2022 06 01 02 18 3.108467080502303
STA1 2022 06 01 02 19 2.942605340374848
STA1 2022 06 01 02 20 2.784178761110066
STA1 2022 06 01 02 21 2.6327936126270184
STA1 2022 06 01 02 22 2.488080834961072
STA1 2022 06 01 02 23 2.3496942451628984
STA1 2022 06 01 02 24 2.2173088925231337
STA1 2022 06 01 02 25 2.090619548379149
STA1 2022 06 01 02 26 1.9693393181684793
STA1 2022 06 01 02 27 1.8531983646435881
STA1 2022 06 01 02 28 1.741942732274278
STA1 2022 06 01 02 29 1.6353332638536644
