ncols	76
nrows	48
xllcorner	422950.0
yllcorner	197600.0
cellsize	50.0
NODATA_value	-9999.0
75.0 74.595665 74.467987 74.357742 74.248627 74.182381 74.079201 73.984329 73.903229 73.795509 73.69059 73.586792 73.484238 73.551933 73.476105 73.374634 73.264565 73.155983 73.097656 73.086006 72.987816 72.891144 72.792824 72.695877 72.600548 72.496658 72.394218 72.26194 72.13205 72.021706 71.917374 71.762772 71.611206 71.464729 71.321404 71.183792 71.049423 70.930313 70.68161 70.596436 70.591087 70.481094 70.481522 70.439003 70.388603 70.360886 70.324013 70.28418 70.250229 70.240479 70.230164 70.21611 70.192101 70.158478 70.132866 70.099648 70.069473 70.064163 70.060272 70.055527 70.051025 70.051025 70.0 69.852821 69.843094 69.82724 69.80117 69.731155 69.526764 69.55471 69.47261 69.392387 69.325424 69.161949 68.998474 68.834999
74.868477 74.453445 74.332367 74.216156 74.109741 74.072639 74.009529 73.911964 73.791168 73.685234 73.580566 73.47876 73.378098 73.44944 73.396011 73.320915 73.222572 73.112335 73.003685 72.95871 72.943031 72.848969 72.752457 72.654213 72.557426 72.462387 72.357849 72.254959 72.118935 71.98558 71.874443 71.770111 71.609192 71.451729 71.300545 71.152931 71.01252 70.875748 70.744247 70.531326 70.45314 70.440125 70.385216 70.345863 70.303345 70.27066 70.240593 70.198479 70.166817 70.160316 70.153442 70.144073 70.128067 70.096054 70.066437 70.04982 70.0 70.0 70.0 70.0 70.0 70.0 70.0 69.839996 69.705772 69.766678 69.728897 69.702232 69.445633 69.418091 69.391182 69.331787 69.491196 69.212997 69.299004 69.017998
74.736954 74.311226 74.196747 74.082817 73.970116 73.934822 73.898888 73.838768 73.750626 73.642548 73.536568 73.431938 73.330406 73.346947 73.241714 73.240181 73.165916 73.070831 72.960373 72.851624 72.819916 72.800362 72.710632 72.61599 72.517708 72.420975 72.326134 72.220619 72.117043 71.976219 71.838425 71.726341 71.622093 71.453163 71.288223 71.131332 70.978516 70.835266 70.696053 70.558182 70.381638 70.31311 70.28891 70.256813 70.211868 70.180443 70.160393 70.1203 70.083405 70.080154 70.076721 70.072037 70.064034 70.048027 70.0 70.0 70.0 69.918953 69.855682 69.837334 69.829292 69.822701 69.727379 69.723747 69.68 69.558983 69.656624 69.635933 69.36451 69.427704 69.454124 69.450394 69.331001 69.589996 69.482002 69.288002
74.605431 74.169006 74.061127 73.94857 73.838333 73.796432 73.762238 73.727371 73.674309 73.597069 73.497276 73.391083 73.286324 73.244446 73.141037 73.091553 73.08448 73.011162 72.91951 72.808777 72.69989 72.681313 72.658104 72.573006 72.479553 72.381256 72.284599 72.190018 72.08326 71.978828 71.831902 71.688446 71.575462 71.471664 71.292435 71.117851 70.954208 70.795174 70.62645 70.499954 70.372124 70.23378 70.192604 70.171211 70.128403 70.090225 70.0802 70.06015 70.0 70.0 70.0 70.0 70.0 70.0 70.0 69.89035 69.900002 69.82534 69.758217 69.750237 69.675873 69.661301 69.650528 69.607498 69.512917 69.520004 69.412773 69.591415 69.283386 69.378593 69.473801 69.569 69.569 69.569 69.472 69.342003
74.473907 74.026787 73.925507 73.810532 73.701965 73.665398 73.625191 73.59198 73.555939 73.485123 73.447174 73.35276 73.246284 73.141342 73.040123 72.940239 72.941452 72.92894 72.856735 72.768745 72.657654 72.548569 72.542984 72.516426 72.436394 72.343163 72.244911 72.148384 72.054131 71.945717 71.840187 71.685249 71.534332 71.420685 71.272423 71.086151 70.905128 70.739723 70.579109 70.417633 70.306259 70.186066 70.096298 70.085602 70.064201 70.0 70.0 70.0 70.0 70.0 70.0 69.830963 69.796669 69.849998 69.85585 69.783882 69.692879 69.604019 69.55101 69.657257 69.586227 69.516579 69.498169 69.491249 69.408783 69.328712 69.360001 69.268349 69.359177 69.449997 69.580002 69.492996 69.612 69.557999 69.557999 69.439003
74.342384 73.884567 73.789886 73.690536 73.578934 73.530258 73.495033 73.45639 73.437569 73.373177 73.340973 73.298615 73.142639 73.039772 72.938499 72.902168 72.802109 72.791435 72.773621 72.702751 72.618759 72.507179 72.397797 72.40506 72.37561 72.296051 72.206848 72.108765 72.012459 71.918655 71.807938 71.700966 71.53511 71.373924 71.260437 71.073967 70.877708 70.687134 70.493149 70.354744 70.208817 70.15313 70.0 70.0 70.0 70.0 69.783501 69.783501 69.734001 69.695 69.695 69.593338 69.663994 69.699997 69.714989 69.694054 69.631454 69.543594 69.458008 69.47979 69.4925 69.423759 69.361664 69.375 69.354424 69.278885 69.205063 69.199997 69.199585 69.460999 69.580002 69.589996 69.677002 69.600998 69.417999 69.212997
74.210861 73.742348 73.654266 73.555717 73.461029 73.407402 73.361259 73.327248 73.319199 73.26123 73.234772 73.193123 73.151535 72.937256 72.838531 72.741287 72.764725 72.658211 72.641533 72.618607 72.5494 72.469872 72.357613 72.247765 72.267754 72.23613 72.155708 72.070656 71.973015 71.877129 71.783943 71.669785 71.560822 71.379387 71.203209 71.029625 70.877945 70.667015 70.460899 70.246574 70.333084 70.0 70.0 69.887001 70.050003 70.212997 69.889999 69.567001 69.410004 69.552505 69.389999 69.786003 69.496674 69.550003 69.547028 69.606277 69.54586 69.494957 69.409325 69.326103 69.397858 69.328392 69.264999 69.258751 69.320312 69.38047 69.266983 69.462532 69.040001 69.320999 69.417999 69.503998 69.288002 69.18 68.813004 68.759003
74.079338 73.600128 73.518646 73.423332 73.329689 73.2892 73.238762 73.194984 73.200829 73.149284 73.128571 73.087822 73.039856 73.006401 72.738564 72.643997 72.55114 72.627991 72.514351 72.491798 72.464043 72.39698 72.329178 72.215225 72.103966 72.13147 72.098862 72.015366 71.934692 71.838112 71.743065 71.650772 71.530968 71.419151 71.214661 71.014832 70.798813 70.673599 70.449066 70.224533 70.0 70.0 70.087997 69.952499 69.817001 69.879997 70.087997 69.452003 70.087997 69.410004 69.545998 69.525002 69.572006 69.400002 69.48214 69.534187 69.462044 69.553635 69.509216 69.399712 69.293381 69.235237 69.166298 69.142502 69.259209 69.344475 69.429733 69.514999 69.720001 69.503998 69.061996 69.114998 69.040001 68.910004 68.889 68.759003
73.947815 73.457901 73.383026 73.291733 73.201752 73.158936 73.120491 73.073044 73.082458 73.037338 72.930298 72.966652 72.928177 72.890678 72.863861 72.773315 72.665237 72.559288 72.459488 72.370537 72.342308 72.310173 72.24601 72.188484 72.072365 71.959259 71.997009 71.908394 71.875023 71.799271 71.641449 71.631073 71.534325 71.399803 71.281204 71.043472 70.80574 70.568001 70.693001 70.661003 70.526001 70.401001 70.203003 69.661003 69.879997 69.514999 69.639999 69.795998 69.775002 69.587997 69.702003 69.650002 69.535004 69.358002 69.410004 69.490654 69.558128 69.585526 69.609108 69.50119 69.359154 69.22036 69.072617 69.026253 69.127243 69.283371 69.223 69.320999 69.472 69.492996 69.114998 68.889 68.716003 68.683998 68.662003 68.877998
73.816292 73.315681 73.247406 73.150734 73.065674 73.031868 72.991524 72.954948 72.964088 72.925392 72.821114 72.777939 72.816498 72.774956 72.745125 72.673622 72.621376 72.513344 72.407631 72.312843 72.226799 72.193214 72.157448 72.097435 72.047791 71.928802 71.813171 71.866241 71.718681 71.73468 71.539841 71.547729 71.513657 71.415833 71.318001 71.098999 71.015999 70.828003 70.890999 70.776001 70.712997 70.495003 70.411003 70.411003 69.962997 70.598999 70.014999 69.734001 69.661003 69.670998 69.681 69.567001 69.525002 69.473 69.431 69.389999 69.525002 69.670998 69.709 69.580002 69.452995 69.271996 69.551178 68.910004 69.137001 69.406998 69.331001 69.514999 69.482002 69.406998 69.051003 68.846001 68.834999 68.792 68.943001 68.931999
73.684769 73.173462 73.111786 73.006355 72.916267 72.89782 72.865593 72.827515 72.845718 72.813446 72.71019 72.668999 72.704819 72.659233 72.626389 72.573929 72.53846 72.469688 72.361725 72.25631 72.166199 72.083191 72.044823 72.006767 71.939255 71.907089 71.784271 71.665009 71.65583 71.531288 71.438225 71.705421 71.454002 71.594498 71.287003 71.120003 71.094002 70.984001 70.870003 70.760498 70.651001 70.651001 70.556999 70.359001 70.036003 70.197495 69.723 69.723 69.786003 69.848 69.879997 69.973 70.025002 69.202003 69.098 69.098 69.306 69.098 69.148003 69.094002 69.223 69.158997 69.168999 69.882004 69.740997 69.785004 69.709 69.417999 69.449997 69.460999 69.385002 68.954002 68.943001 68.920998 68.910004 69.017998
73.553246 73.031235 72.976166 72.874176 72.774879 72.752655 72.749535 72.703011 72.727348 72.7015 72.593193 72.558609 72.59314 72.54351 72.507652 72.474236 72.376358 72.386459 72.318405 72.210571 72.105537 72.019562 71.939835 71.897827 71.860229 71.781693 71.766396 71.638725 71.513969 71.445419 71.346649 71.454002 71.871002 71.328003 71.182999 71.360001 71.004997 70.723999 70.661003 70.703003 70.651001 70.587997 70.421494 70.254997 70.359001 69.795998 69.900002 70.109001 69.936996 69.911003 69.869003 69.666 69.911003 69.639999 69.295998 69.275002 69.348 69.420998 68.986 69.158997 69.978996 69.751999 69.526001 69.472 69.439003 69.740997 69.740997 69.460999 69.428001 69.385002 69.299004 69.147995 69.071999 69.320999 69.153503 68.986
73.421722 72.889008 72.840546 72.744507 72.649231 72.615219 72.633476 72.587234 72.608978 72.589554 72.559204 72.449989 72.481461 72.427788 72.388916 72.374542 72.340698 72.242325 72.234596 72.095375 72.007469 71.92234 71.872925 71.797043 71.754189 71.70015 71.626068 71.625702 71.495468 71.365234 71.235001 71.162003 70.995003 71.704002 71.046997 70.963997 71.088997 70.995003 70.703003 70.912003 70.723999 70.828003 70.389999 70.431999 69.889999 70.014999 69.786003 70.036003 69.973 70.151001 69.911003 69.879997 69.452003 69.462997 69.421005 69.431 69.431 69.848495 69.794998 69.677002 69.600998 69.526001 69.633003 69.666 69.600998 69.785004 69.785004 69.925003 69.817001 69.584999 69.352997 68.857002 69.121002 69.385002 69.105003 68.665253
73.290199 72.746788 72.704933 72.62265 72.533684 72.491859 72.517418 72.471565 72.490608 72.477608 72.457802 72.397339 72.291992 72.312065 72.27018 72.16449 72.242203 72.148293 72.103256 71.980179 71.909401 71.825119 71.739975 71.72628 71.656006 71.611099 71.54007 71.502853 71.485001 71.463997 71.360001 71.390999 70.953003 70.723999 71.140999 70.901001 70.473999 70.556999 70.765999 70.723999 70.796997 70.348999 70.754997 69.994003 69.869003 69.806 69.609001 69.827003 70.129997 69.848 69.817001 69.827003 69.692001 69.567001 69.431 69.598 69.494003 70.276001 69.785004 69.794998 69.751999 69.697998 69.720001 69.751999 69.557999 69.428001 69.482002 69.628006 69.277 69.536003 69.126503 69.396004 69.255997 69.125999 68.974998 68.846001
73.158676 73.012222 72.569321 72.488953 72.416451 72.377365 72.40136 72.356056 72.372238 72.365662 72.3564 72.293724 72.228447 72.196342 72.151443 72.052498 71.956116 72.114052 71.969856 71.864983 71.811333 71.727898 71.657043 71.587807 71.579636 71.522049 71.451019 71.379997 71.485001 71.265999 71.421997 71.588997 71.375504 71.162003 70.818001 70.495003 70.473999 70.359001 70.587997 70.620003 70.639999 70.296997 70.098 70.192001 69.984001 69.744003 69.753998 69.577003 69.775002 69.734001 69.734001 69.723 69.609001 69.609001 69.681 69.514999 69.431 69.369003 69.740997 69.774002 69.751999 69.914001 69.833 69.740997 69.439003 69.352501 69.472 69.331001 69.458008 69.396004 69.288002 69.352997 68.986 68.997002 68.846001 68.392998
73.027153 72.81176 72.433701 72.349739 72.281441 72.261971 72.285301 72.240822 72.253868 72.253716 72.254997 72.18956 72.121819 72.08062 72.0327 71.936562 71.849083 72.025841 71.903336 71.792122 71.713264 71.630676 71.629532 71.564018 71.498505 71.432999 71.399025 71.421997 70.818001 71.2295 71.068001 70.984001 71.182999 70.818001 70.931999 70.682495 70.681999 70.546997 70.552002 70.723999 70.453003 70.609001 70.578003 70.306999 70.119003 70.129997 69.786003 69.734001 69.556 69.556 69.452003 69.378998 69.400002 69.327003 69.494003 69.462997 69.514999 69.681 69.794998 69.740997 69.903 70.065002 69.945999 69.584503 69.223 69.342003 69.1045 69.223 69.385002 69.288002 69.212997 69.105003 68.964996 68.489998 68.392998 68.478996
72.89563 72.611298 72.29808 72.212158 72.142166 72.134216 72.169243 72.126114 72.135498 72.141769 72.153595 72.084648 72.013962 71.947426 71.913963 71.809799 71.728333 71.93763 71.798141 71.715225 71.61657 71.533447 71.552338 71.617668 71.682999 71.505997 71.526001 71.276001 71.037003 71.348999 71.213997 71.120003 70.931999 70.828003 70.890999 70.693001 70.693001 70.703003 70.723999 70.745003 70.651001 70.442505 70.234001 69.869003 69.968002 69.837997 69.994003 70.041 69.953003 70.170998 69.973 69.827003 69.764999 69.108002 69.077003 69.056 69.160004 69.233002 69.3955 69.557999 69.860001 69.741501 69.428001 69.406998 69.142502 68.877998 69.374001 69.017998 68.619003 68.619003 68.522003 68.586998 68.511002 68.403 68.348999 68.403
72.764107 72.410835 72.162468 72.298615 72.192513 72.007072 72.053185 72.012497 72.01712 72.029831 72.0522 71.978813 71.904602 71.836288 71.795227 71.751602 71.651161 71.849419 71.686333 71.573151 71.527115 71.394287 71.546997 71.473999 71.473999 71.495003 71.401001 71.318001 71.109001 70.953003 71.265999 71.056999 70.912003 70.765999 70.796997 70.838997 70.421997 70.661003 70.818001 70.244003 70.421997 70.526001 70.317001 70.098 69.817001 70.337997 70.526001 69.973 69.712997 70.139999 70.145004 70.264999 70.087997 69.598 69.108002 69.035004 69.327003 69.369003 69.600998 69.638 69.557999 69.417999 69.624252 69.299004 69.18 69.473 69.383003 69.428001 69.325996 69.144997 69.043999 68.851997 68.638 68.422997 68.514 68.457001
72.632584 72.210373 72.026855 72.299049 72.165504 72.140717 72.18 71.903 71.89875 71.917885 71.950798 71.872353 71.794083 71.72422 71.676483 71.693405 71.712616 71.581711 71.569214 71.431076 71.424057 71.338997 71.171997 71.109001 71.537003 71.515999 71.338997 71.254997 71.203003 71.004997 70.890999 70.828003 70.754997 71.056999 70.953003 70.754997 71.015999 70.806999 70.056999 70.578003 70.203003 70.192001 69.577003 70.234001 70.119003 70.609001 70.504997 70.286003 70.473999 70.462997 70.181999 70.442001 70.119003 69.503998 69.240997 69.584999 69.531998 69.406998 69.416 69.348999 69.303001 69.393997 69.393997 69.507004 69.517998 69.449997 69.404999 69.315002 69.088997 69.088997 69.043999 68.750999 68.412003 68.536003 68.445999 68.422997
72.501053 72.24028 71.891235 72.270927 72.096046 71.935257 71.942505 71.921005 71.78038 71.805939 71.849396 71.769394 71.68718 71.616547 71.557739 71.575806 71.737 71.672997 71.652 71.289001 71.320999 71.332001 71.332001 71.278999 71.203003 71.410004 71.370003 71.213997 71.046997 70.879997 70.712997 71.162003 70.838997 70.848999 70.796997 70.786003 70.786003 70.421997 70.337997 70.681999 70.139999 70.348999 69.480003 70.448997 70.495003 70.323997 70.167999 70.609001 70.282997 70.387001 70.620003 70.042999 69.740997 69.740997 69.823997 70.012001 69.792999 69.656998 69.573997 69.573997 69.620003 69.573997 69.630997 69.698997 69.676003 69.573997 69.541 69.383003 69.201996 69.416 68.919998 68.795998 68.501999 68.614998 68.716003 68.773003
72.369522 71.924637 72.241318 72.557999 72.514999 72.407997 71.705002 71.683998 71.662003 71.694 71.748001 71.748001 71.587997 71.501999 71.439003 71.577003 71.694 71.609001 71.417 71.533997 71.332001 71.417 71.491997 71.278999 71.267998 71.379997 71.282997 71.240997 71.015999 70.876999 71.262001 70.939003 71.074997 70.948997 70.876999 70.740997 70.782997 70.845001 70.720001 70.407997 70.032997 69.573997 69.605003 70.106003 69.990997 69.803001 69.762001 70.189003 70.000999 70.095001 69.740997 70.125999 69.939003 70.042999 70.167999 69.855003 70.053001 69.754997 69.789001 69.665001 69.552002 69.473 69.473 69.439003 69.517998 69.541 69.315002 69.202003 69.315002 69.123001 68.671997 68.649002 68.649002 68.694 68.57 68.716003
72.237999 71.609001 71.620003 71.833 72.141998 72.098999 71.821999 71.725998 71.758003 71.683998 71.748001 71.737 71.662003 71.385002 71.417 71.587997 71.491997 71.428001 71.417 71.470001 71.224998 71.224998 71.343002 71.385002 69.928001 70.981003 71.084999 71.022003 70.887001 70.625999 70.751999 71.032997 70.990997 71.115997 70.981003 70.792999 70.698997 70.856003 70.856003 70.625999 70.375999 70.137001 70.157997 70.262001 70.115997 70.262001 69.970001 69.762001 69.595001 69.470001 69.814003 70.032997 70.064003 70.042999 69.981003 70.022003 69.928001 69.946999 69.878998 70.059998 70.082001 69.902 69.778 69.686996 69.856003 69.269997 69.202003 69.202003 69.269997 68.514 68.671997 68.694 68.603996 68.625999 69.099998 68.954002
72.014 71.448997 71.289001 71.620003 71.758003 71.705002 71.598 71.501999 71.556 71.640999 71.694 71.491997 71.385002 71.363998 71.577003 71.587997 71.352997 71.501999 71.459999 71.097 71.151001 70.916 71.257004 71.278999 70.439003 70.751999 70.865997 70.948997 70.698997 71.137001 71.106003 71.189003 71.189003 71.022003 70.698997 70.720001 70.792999 70.887001 70.772003 70.573997 70.564003 70.345001 70.178001 70.292999 69.762001 68.906998 69.865997 70.647003 69.522003 69.397003 70.115997 69.865997 70.012001 70.084999 70.189003 69.959999 69.792999 69.856003 69.653 69.778 69.856003 69.676003 69.721001 68.964996 69.292 69.371002 69.315002 69.167999 68.490997 68.593002 68.795998 68.795998 68.875 68.999001 69.088997 69.258003
71.929001 71.470001 71.236 71.406998 71.448997 71.672997 71.524002 71.524002 71.417 71.352997 71.247002 71.097 71.171997 71.086998 71.428001 71.267998 71.119003 71.204002 71.151001 71.139999 71.171997 70.500999 70.862999 70.894997 70.708 70.444504 70.564003 70.897003 71.387001 71.126999 71.199997 71.042999 70.907997 70.698997 70.917999 70.084999 69.439003 69.845001 69.584999 69.564003 69.605003 69.439003 69.595001 69.564003 69.417999 69.156998 69.292999 69.397003 68.053001 70.000999 70.073997 70.147003 70.073997 70.125999 70.073997 69.814003 69.553001 69.563004 69.573997 69.202003 69.112 69.179001 69.404999 69.484001 69.258003 69.247002 68.558998 68.660004 68.660004 68.727997 68.862999 68.806999 69.055 68.051003 68.061996 69.280998
71.748001 71.598 71.310997 71.300003 71.801003 71.481003 71.406998 71.332001 71.385002 71.289001 71.310997 71.055 71.086998 71.001999 71.182999 70.458 70.469002 70.905998 71.055 70.980003 70.766998 70.254997 70.660004 70.670998 70.022003 70.137001 70.231003 70.470001 71.042999 71.220001 71.115997 71.012001 70.856003 69.887001 69.917999 69.845001 69.740997 69.720001 69.647003 69.584999 69.522003 69.522003 69.720001 69.605003 69.573997 69.448997 68.761002 69.459999 69.512001 68.094002 69.970001 70.209999 69.970001 69.865997 69.720001 69.480003 69.564003 69.902 69.552002 69.416 69.449997 69.428001 69.336998 69.224998 68.514 68.490997 68.638 68.581001 68.682999 68.716003 68.931 68.209 69.043999 69.043999 69.258003 69.303001
71.224998 71.310997 71.151001 71.171997 71.139999 71.224998 71.310997 71.214996 71.224998 71.108002 71.224998 71.108002 70.511002 70.404999 70.681999 70.766998 70.778 70.597 70.585999 70.031998 70.277 70.350998 70.458 70.287003 70.042999 70.053001 70.032997 70.115997 70.615997 70.970001 70.887001 70.125999 69.990997 69.834999 69.917999 69.887001 69.834999 69.792999 69.605003 69.584999 69.647003 69.605003 69.740997 69.740997 69.647003 69.625999 69.637001 69.365997 69.365997 69.042999 69.439003 69.323997 69.656998 69.678001 69.240997 69.387001 68.636002 69.552002 69.517998 69.428001 69.416 69.383003 68.795998 68.546997 68.694 68.682999 68.694 68.727997 68.942001 68.028 68.987 69.449997 69.653 69.585999 69.665001 69.641998
71.086998 71.139999 71.128998 71.075996 71.119003 71.086998 71.108002 70.980003 70.969002 70.916 70.862999 70.723999 70.574997 70.426003 70.287003 70.254997 70.202003 70.169998 70.169998 70.010002 70.254997 70.350998 70.436996 70.245003 69.667999 69.939003 70.231003 70.064003 69.939003 70.032997 70.397003 69.897003 69.928001 69.959999 70.000999 69.875999 69.897003 69.897003 69.845001 69.781998 69.792999 68.573997 69.823997 69.637001 69.500999 69.459999 69.375999 69.250999 69.167999 69.198997 69.375999 68.053001 69.198997 69.209999 68.906998 68.772003 68.730003 69.393997 69.597 69.439003 68.806999 68.773003 68.818001 68.750999 68.851997 69.055 68.197998 69.078003 69.010002 69.336998 70.171997 69.991997 70.082001 69.981003 69.665001 69.676003
71.300003 71.214996 71.352997 71.119003 71.171997 70.927002 70.82 70.746002 70.788002 70.755997 70.681999 70.565002 70.522003 70.469002 70.373001 70.415001 70.469002 70.383003 70.287003 70.181 70.127998 70.341003 70.308998 70.272003 70.272003 70.439003 69.959999 69.970001 70.220001 70.262001 70.178001 70.000999 70.137001 70.000999 70.073997 70.334999 70.282997 68.948997 70.000999 68.781998 70.157997 70.095001 69.762001 69.281998 69.334999 69.375999 69.292999 69.209999 69.073997 69.031998 68.865997 69.011002 69.000999 68.053001 68.959 68.772003 69.055 69.428001 68.716003 68.682999 68.750999 68.750999 68.762001 68.705002 68.490997 69.236 69.676003 69.686996 71.029999 71.064003 70.218002 70.161003 70.171997 69.698997 69.878998 69.698997
71.598 71.448997 71.320999 71.224998 71.075996 70.894997 70.809998 70.831001 70.713997 70.703003 70.660004 70.607002 70.542999 70.393997 70.650002 70.522003 70.426003 70.373001 70.287003 70.169998 70.265999 70.650002 71.257004 71.220001 70.970001 70.689003 70.615997 70.532997 70.459999 70.303001 70.137001 70.220001 70.356003 70.459999 70.470001 68.667999 69.220001 70.292999 70.334999 70.303001 69.855003 69.730003 69.531998 69.220001 69.230003 69.314003 69.250999 69.073997 69.095001 68.928001 68.803001 68.750999 68.740997 68.814003 68.136002 68.814003 68.830002 68.931 68.638 68.638 68.716003 68.783997 68.964996 68.401001 69.641998 68.964996 69.371002 72.575996 71.334999 70.476997 70.612999 70.126999 69.573997 70.014 70.037003 69.878998
71.417 71.481003 71.247002 71.332001 71.278999 71.043999 70.969002 70.905998 70.82 70.681999 70.597 70.500999 70.446999 70.681999 70.894997 70.650002 70.554001 70.383003 70.341003 70.319 70.82 71.363998 71.448997 70.959999 70.865997 70.782997 70.584999 70.595001 70.689003 70.314003 70.490997 68.647003 70.073997 70.500999 70.667999 70.647003 70.887001 70.209999 70.189003 70.490997 70.272003 69.698997 69.490997 69.397003 69.198997 69.262001 69.198997 69.053001 68.781998 68.761002 68.875999 68.875999 68.667999 68.781998 68.803001 68.845001 68.897003 68.750999 68.638 68.660004 68.862999 68.649002 67.915001 69.303001 69.416 69.946999 71.109001 71.177002 71.008003 70.872002 70.635002 69.935997 70.263 70.872002 70.126999 70.047997
71.001999 71.257004 71.001999 71.065002 71.055 71.012001 70.947998 71.320999 71.193001 71.012001 70.851997 70.894997 70.990997 71.023003 71.320999 71.086998 71.012001 70.799004 71.065002 71.448997 71.481003 71.320999 71.108002 70.959999 71.064003 70.970001 70.522003 70.095001 70.095001 70.314003 68.689003 70.448997 70.272003 70.345001 70.428001 70.792999 70.625999 70.709999 70.490997 70.584999 70.387001 70.209999 69.959999 69.605003 69.459999 69.500999 69.147003 69.073997 69.073997 68.928001 69.073997 69.031998 68.886002 68.875999 67.875999 69.156998 68.851997 68.682999 69.010002 68.164001 69.383003 69.867996 69.754997 69.856003 70.771004 71.482002 71.255997 71.323997 71.278999 71.029999 70.206001 70.748001 70.296997 70.319 70.195 70.206001
70.788002 70.851997 70.809998 70.851997 70.884003 70.884003 70.874001 71.278999 71.374001 71.406998 71.385002 71.332001 71.320999 71.151001 71.448997 71.161003 71.139999 71.214996 71.310997 71.214996 71.182999 71.097 71.171997 71.074997 70.865997 70.751999 70.137001 70.064003 70.240997 68.959 70.303001 70.625999 70.897003 71.012001 70.751999 70.709999 70.667999 70.678001 70.667999 70.365997 69.792999 70.231003 69.939003 69.720001 69.345001 69.355003 69.272003 69.189003 69.136002 69.125999 69.573997 72.251999 73.106003 73.293999 72.824997 67.730003 68.501999 68.480003 71.074997 71.346001 70.973999 70.466003 70.171997 69.665001 70.781998 71.018997 71.121002 71.538002 71.888 71.549004 71.086998 71.029999 70.905998 70.218002 70.375999 70.443001
70.799004 70.874001 70.703003 70.851997 71.001999 70.884003 70.894997 70.959 71.065002 71.501999 71.577003 71.491997 71.448997 71.023003 71.224998 71.278999 71.300003 71.151001 71.075996 71.086998 71.055 71.108002 71.139999 70.917999 70.356003 70.189003 70.073997 70.220001 68.698997 71.042999 71.126999 71.137001 70.887001 70.834999 70.595001 70.772003 70.834999 71.074997 71.042999 70.615997 70.292999 70.042999 69.887001 70.178001 69.689003 69.323997 69.365997 69.230003 70.698997 73.835999 75.960999 75.805 75.585999 75.888 75.607002 75.043999 74.134003 73.557999 73.220001 72.204002 71.740997 71.369003 70.929001 70.410004 70.713997 70.917 71.346001 72.350998 72.169998 71.876999 71.470001 71.358002 71.266998 70.737 70.511002 70.985001
70.735001 70.723999 70.670998 70.639 71.119003 71.128998 70.969002 70.862999 70.990997 71.587997 71.640999 71.598 71.396004 71.332001 71.182999 71.257004 71.086998 71.023003 71.171997 71.043999 71.055 71.012001 70.746002 70.323997 70.356003 70.356003 70.303001 68.917999 71.074997 71.032997 71.054001 71.032997 70.876999 70.804001 70.709999 70.804001 70.834999 71.251999 71.417999 70.959999 70.845001 71.157997 71.012001 71.001999 70.981003 71.699997 73.334999 75.648003 77.825996 78.389 78.055 77.232002 77.325996 77.305 77.127998 76.514999 75.612 74.742996 74.258003 73.241997 72.519997 71.82 71.358002 70.883003 70.657997 71.166 71.967003 72.373001 72.452003 72.101997 71.808998 71.527 71.414001 70.635002 71.153999 72.101997
70.415001 70.660004 70.617996 70.703003 71.012001 70.927002 70.916 70.938004 70.841003 71.012001 71.257004 71.289001 71.257004 71.459999 71.224998 71.075996 71.182999 71.343002 71.320999 71.278999 71.171997 70.415001 70.397003 70.209999 70.125999 70.198997 68.656998 70.929001 71.407997 71.147003 71.137001 71.304001 71.115997 71.001999 70.917999 70.917999 71.292999 71.398003 71.679001 73.324997 74.815002 75.107002 75.825996 76.335999 76.815002 78.211998 79.139 79.878998 79.899002 79.753998 79.222 78.794998 78.983002 78.627998 78.18 77.486 76.730003 75.499001 74.732002 74.010002 73.196999 72.362 71.876999 71.255997 70.398003 70.647003 72.169998 72.915001 72.757004 72.519997 71.797997 71.470001 70.894997 71.188004 72.282997 73.998001
70.663239 70.500999 70.350998 70.362 70.362 70.415001 70.522003 70.746002 70.809998 70.778 70.650002 70.766998 70.809998 70.82 71.171997 71.247002 71.491997 71.448997 71.151001 70.565002 70.574997 70.554001 70.387001 70.303001 70.365997 69.553001 71.532997 72.032997 71.814003 71.439003 71.356003 71.470001 71.501999 71.345001 71.637001 72.940002 75.398003 74.888 73.096001 73.596001 75.668999 76.408997 77.294998 78.410004 79.044998 79.753998 80.441002 80.473 80.544998 80.410004 80.275002 80.044998 79.742996 79.347 79.056 78.524002 77.947998 77.260002 76.435997 75.138 73.818001 73.096001 72.474998 71.956001 71.142998 71.177002 72.417999 73.140999 73.050003 72.791 72.148003 71.899002 71.008003 72.43 73.942001 76.672997
70.788971 71.247002 69.061996 68.827003 68.913002 68.913002 68.922997 68.922997 70.585999 70.670998 69.807999 70.565002 70.426003 70.362 70.330002 70.373001 70.489998 70.458 69.029999 71.043999 69.338997 70.127998 70.500999 70.573997 69.772003 73.429001 73.606003 72.991997 72.199997 71.846001 71.595001 71.407997 71.615997 72.481003 74.710999 77.899002 78.055 77.138 75.627998 74.263 75.398003 76.399002 77.908997 79.117996 80.014 80.191002 80.669998 81.066002 81.295998 81.077003 80.816002 80.483002 80.086998 79.836998 79.722 79.709 79.505997 78.772003 77.823997 76.864998 75.928001 74.991997 73.918999 72.633003 71.719002 71.594002 72.441002 73.445 73.412003 73.072998 72.689003 72.214996 71.549004 73.546997 75.973 79.720001
70.709175 70.607002 70.831001 70.670998 70.843002 70.313004 71.482002 71.373001 71.362 71.333 68.932999 70.852997 68.998001 69.008003 70.947998 70.565002 69.051003 71.128998 71.023003 70.862999 70.755997 70.916 71.179001 73.032997 74.805 75.648003 75.283997 73.782997 72.887001 72.096001 72.148003 72.282997 72.731003 74.638 78.033997 79.483002 79.117996 78.700996 77.222 75.085999 75.138 76.555 77.783997 79.325996 80.211998 80.691002 81.086998 81.514 81.586998 81.316002 81.285004 81.128998 80.836998 80.566002 80.461998 80.330002 80.081001 79.753998 78.974998 78.320999 77.565002 76.808998 75.387001 73.513 71.515999 72.509003 73.128998 73.773003 73.829002 73.546997 72.938004 72.338997 72.193001 74.653 78.196999 81.695
70.190544 70.203003 71.442001 71.023003 70.862999 71.641998 71.322998 71.133003 70.992996 71.083 68.973 69.153 71.023003 71.032997 68.803001 71.153 70.913002 70.822998 70.843002 70.913002 70.972 70.962997 72.418999 73.741997 76.033997 77.347 77.024002 75.116997 73.815002 73.074997 72.751999 73.084999 73.824997 75.585999 78.389 79.742996 80.035004 79.399002 77.889 75.408997 75.721001 76.857002 77.597 78.617996 79.669998 80.431 81.711998 82.211998 82.181 81.535004 81.545998 81.327003 81.253998 81.098 81.378998 80.928001 80.532997 80.285004 80.171997 79.969002 79.155998 78.219002 76.357002 73.738998 72.385002 73.468002 74.608002 74.901001 74.754997 74.088997 73.208 71.786003 73.355003 75.985001 79.561996 81.842003
70.017349 69.023003 70.492996 70.852997 71.802002 71.442001 71.322998 71.212997 70.803001 70.953003 71.352997 71.352997 71.072998 71.083 71.002998 70.623001 70.733002 70.633003 70.483002 70.813004 71.821999 71.452003 71.836998 73.177002 75.079002 77.403999 77.522003 76.366997 75.043999 74.273003 73.657997 73.616997 74.440002 76.200996 78.867996 80.598 80.473 79.931 77.825996 75.523003 76.377998 77.232002 78.002998 79.066002 80.233002 81.806 82.567001 82.795998 81.920998 80.742996 80.775002 79.827003 80.775002 81.170998 81.514 81.346001 80.837997 80.691002 80.510002 80.341003 79.844002 78.93 76.233002 72.971001 74.866997 76.013 77.210999 77.059998 76.385002 75.094002 73.742996 72.614998 74.722 77.943001 80.037003 80.969002
70.421227 70.992996 71.652 71.023003 71.772003 71.542 71.442001 71.251999 70.833 70.903 71.902 71.212997 71.013 70.833 70.792999 71.432999 71.622002 71.641998 71.821999 72.232002 72.751999 72.251999 71.827003 71.985001 72.744003 74.487999 76.862 77.542 77.010002 76.181999 75.276001 74.684998 75.293999 77.065002 79.794998 81.170998 81.003998 80.160004 77.732002 76.023003 77.441002 77.982002 78.785004 79.764 81.170998 82.275002 83.369003 82.193001 81.316002 80.124001 79.473 79.295998 79.582001 80.261002 81.026001 81.502998 81.456001 81.199997 80.758003 80.456001 79.338997 77.524002 74.93 74.918999 78.257004 79.398003 79.257004 78.570999 77.686996 76.081001 74.245003 72.278 74.802002 78.526001 80.072998 79.734001
71.091034 71.582001 71.931999 71.681999 72.082001 72.141998 72.251999 71.403 71.102997 70.792999 71.612 72.181999 71.141998 71.542 71.722 71.882004 71.982002 72.031998 72.321999 72.491997 72.931999 73.372002 72.447998 72.654999 72.654999 72.359001 73.945999 77.040001 78.527 78.291 77.127998 76.370003 77.276001 78.172997 80.172997 81.720001 81.207001 79.375 77.255997 76.941002 77.906998 79.050003 79.582001 80.142998 81.542 82.783997 83.000999 81.276001 80.310997 79.690002 79.345001 78.941002 78.971001 79.433998 80.908997 81.561996 81.269997 80.920998 80.177002 79.723999 78.292 76.244003 74.533997 76.023003 79.304001 80.908997 80.850998 80.293999 78.686996 76.476997 74.197998 73.068001 73.929001 75.755997 76.616997 76.255997
71.364052 71.442001 72.012001 72.162003 72.241997 71.952003 71.711998 71.343002 71.851997 71.263 71.982002 72.342003 72.372002 72.222 72.101997 72.232002 72.412003 72.751999 72.991997 73.022003 73.362 73.561996 74.112999 74.439003 74.695 73.591003 72.497002 74.458 78.133003 79.651001 79.157997 79.119003 78.950996 80.153 81.807999 82.577003 80.764 78.596001 77.127998 77.68 78.625999 79.394997 80.014999 80.271004 81.157997 82.301003 81.651001 80.055 79.385002 79.029999 78.695 78.429001 78.330002 78.349998 79.268997 80.571999 80.780998 80.049004 79.072998 77.943001 76.908997 75.732002 74.871002 76.778999 79.734001 81.398003 81.258003 80.571999 78.978996 77.594002 75.894997 73.602997 72.742996 73.975998 75.605209 75.660179
71.45887 71.421997 72.412003 71.952003 72.152 71.982002 71.751999 71.501999 72.171997 73.211998 73.582001 74.101997 73.832001 73.152 72.722 73.101997 73.442001 73.632004 73.942001 74.092003 74.082001 74.692001 75.393997 76.508003 77.010002 75.542 73.255997 73.286003 77.364998 80.448997 81.454002 81.306 81.375 82.429001 83.325996 82.873001 80.073997 78.094002 77.483002 78.133003 79.040001 79.858002 80.646004 80.990997 81.542 81.561996 80.615997 79.749001 79.040001 78.468002 78.133003 77.935997 77.807999 77.246002 77.780998 78.734001 78.875 78.257004 77.664001 76.885002 75.802002 75.336998 75.162003 77.733002 80.129997 81.793999 81.318001 80.828003 79.723999 78.943001 76.814003 74.150002 73.307251 73.440445 74.292435 76.228897
71.530022 71.662003 72.241997 71.741997 72.302002 72.332001 72.192001 72.272003 72.851997 73.891998 74.311996 74.421997 74.241997 73.681999 73.382004 74.192001 74.362 74.842003 74.791 74.991997 75.021004 75.411003 76.339996 78.211998 78.577003 77.109001 74.695 72.882004 77.138 80.232002 81.640999 82.469002 82.971001 83.789001 83.621002 82.025002 79.502998 77.986 78.044998 78.636002 79.473 80.477997 81.257004 81.807999 81.996002 81.316002 80.615997 79.749001 79.138 78.349998 77.935997 77.797997 77.660004 77.513 77.373001 76.767998 76.697998 76.489998 76.5 75.966003 75.627998 75.245003 76.036003 78.443001 80.456001 81.793999 81.456001 80.629997 79.583 78.443001 75.0 74.153625 73.871498 73.960297 74.044655 75.819267
71.750603 71.552002 71.862 72.241997 72.442001 72.522003 72.542 72.722 73.522003 74.262001 75.191002 75.210999 74.981003 74.402 74.431999 75.070999 75.761002 75.721001 75.971001 76.100998 76.191002 76.210999 77.226997 78.891998 80.055 78.546997 75.374001 72.832001 77.797997 80.556999 81.807999 82.556999 83.197998 83.532997 82.714996 80.655998 79.217003 78.567001 78.882004 79.542 80.024361 80.683128 81.20047 81.432732 80.945915 80.459099 79.972282 79.485458 78.998642 78.511826 78.025002 77.807999 77.660004 77.651001 77.675003 77.083 76.803001 76.023003 75.616997 75.360001 75.196999 75.488998 76.605003 78.931999 81.177002 81.793999 81.166 79.260605 77.815002 76.721497 75.0 74.435745 74.435745 74.480148 74.522324 75.409637
72.151649 72.431999 72.342003 72.512001 72.501999 72.792 72.921997 73.152 73.751999 74.671997 75.530998 75.861 75.950996 75.621002 75.551003 76.431 76.950996 77.310997 77.441002 77.460999 77.611 77.731003 78.142998 79.157997 80.695 79.669998 75.571999 73.68 77.906998 80.872002 82.203003 82.193001 81.887001 81.375 80.684998 79.906998 79.196999 79.010002 78.916733 78.823463 80.434593 80.199295 79.963997 79.728699 79.493401 79.258102 79.022804 78.787506 78.552208 78.31691 78.081604 77.846298 77.611 77.591003 77.861 78.046997 77.280998 76.186996 75.685997 75.443001 75.766998 76.315002 77.315002 79.526001 81.980003 80.584 79.188004 79.110664 77.055328 75.0 75.0 74.717873 75.0 75.0 75.0 75.0
72.721222 72.921997 72.732002 71.931999 72.592003 72.711998 72.772003 73.671997 74.522003 74.402 75.761002 76.200996 76.221001 76.570999 76.841003 78.250999 79.199997 79.419998 79.510002 79.709999 79.690002 79.300003 79.0 80.280998 81.364998 79.257004 75.324997 73.501999 77.295998 79.897003 80.606003 79.828003 79.058998 78.872002 79.217003 79.552002 79.709999 79.170601 79.054771 80.214287 80.081146 79.948006 79.814865 79.681725 79.548584 79.415443 79.282303 79.149155 79.016006 78.882866 78.749725 78.616577 78.483429 78.350288 78.217148 78.084 77.037003 76.406998 76.186996 76.093002 76.697998 77.386002 78.583 78.021858 78.620804 80.235001 78.722664 77.481773 77.055328 75.0 74.858932 75.0 75.0 75.0 74.999992 75.0