STA1 2022 06 01 00 00 -0.721253552525505
STA1 2022 06 01 00 01 -0.6584737003501552
STA1 2022 06 01 00 02 -0.5922034938729049
STA1 2022 06 01 00 03 -0.5222394911146306
STA1 2022 06 01 00 04 -0.4483644161996856
STA1 2022 06 01 00 05 -0.37034605928160025
STA1 2022 06 01 00 06 -0.2879360753341923
STA1 2022 06 01 00 07 -0.20086867119309276
STA1 2022 06 01 00 08 -0.10885916897503045
STA1 2022 06 01 00 09 -0.011602432577842511
STA1 2022 06 01 00 10 0.09122885765110399
STA1 2022 06 01 00 11 0.19998609882529564
STA1 2022 06 01 00 12 0.3150468468429233
STA1 2022 06 01 00 13 0.4368171063373947
STA1 2022 06 01 00 14 0.5657338531825488
STA1 2022 06 01 00 15 0.7022678165843259
STA1 2022 06 01 00 16 0.8469265513452857
STA1 2022 06 01 00 17 1.0002578349665356
STA1 2022 06 01 00 18 1.1628534289390156
STA1 2022 06 01 00 19 1.3353532489738744
STA1 2022 06 01 00 20 1.5184499951494146
STA1 2022 06 01 00 21 1.712894300151728
STA1 2022 06 01 00 22 1.9195004621263045
STA1 2022 06 01 00 23 2.1391528383394984
STA1 2022 06 01 00 24 2.372812987111941
STA1 2022 06 01 00 25 2.6215276586182323
STA1 2022 06 01 00 26 2.886437750493782
STA1 2022 06 01 00 27 3.16878836216644
STA1 2022 06 01 00 28 3.4699401029394625
STA1 2022 06 01 00 29 3.791381833701737
STA1 2022 06 01 00 30 4.134745051469669
STA1 2022 06 01 00 31 4.501820160672946
STA1 2022 06 01 00 32 4.894574916284324
STA1 2022 06 01 00 33 5.315175372911353
STA1 2022 06 01 00 34 5.766009732477242
STA1 2022 06 01 00 35 6.249715553171289
STA1 2022 06 01 00 36 6.769210866490707
STA1 2022 06 01 00 37 7.327729850592049
STA1 2022 06 01 00 38 7.928863830777777
STA1 2022 06 01 00 39 8.576608526725598
STA1 2022 06 01 00 40 9.275418647278231
STA1 2022 06 01 00 41 10.030271155163044
STA1 2022 06 01 00 42 10.846738795965457
STA1 2022 06 01 00 43 11.731075820888732
STA1 2022 06 01 00 44 12.690318247794869
STA1 2022 06 01 00 45 13.732401521028045
STA1 2022 06 01 00 46 14.866299075197519
STA1 2022 06 01 00 47 16.102186117485886
STA1 2022 06 01 00 48 17.45163396445983
STA1 2022 06 01 00 49 18.927841565272672
STA1 2022 06 01 00 50 20.545912496607468
STA1 2022 06 01 00 51 22.323187836851602
STA1 2022 06 01 00 52 24.2796480676048
STA1 2022 06 01 00 53 26.43840071309085
STA1 2022 06 01 00 54 28.826275090723943
STA1 2022 06 01 00 55 31.474551693084656
STA1 2022 06 01 00 56 34.419861887585725
STA1 2022 06 01 00 57 37.70530455636286
STA1 2022 06 01 00 58 41.38184107114665
STA1 2022 06 01 00 59 45.51005013372199
STA1 2022 06 01 01 00 50.16235172603956
STA1 2022 06 01 01 01 7043.394141365789
STA1 2022 06 01 01 02 4758.659838386927
STA1 2022 06 01 01 03 3403.6037715282273
STA1 2022 06 01 01 04 2539.27409236209
STA1 2022 06 01 01 05 1956.9570835082502
STA1 2022 06 01 01 06 1547.5419060498782
STA1 2022 06 01 01 07 1249.6747264137034
STA1 2022 06 01 01 08 1026.8000826040827
STA1 2022 06 01 01 09 856.0868050796487
STA1 2022 06 01 01 10 722.7062371263303
STA1 2022 06 01 01 11 616.7037424401509
STA1 2022 06 01 01 12 531.2050048910545
STA1 2022 06 01 01 13 461.34522389373495
STA1 2022 06 01 01 14 403.60720773475225
STA1 2022 06 01 01 15 355.3996147808373
STA1 2022 06 01 01 16 314.7809441692583
STA1 2022 06 01 01 17 280.2745831752185
STA1 2022 06 01 01 18 250.7422248495533
STA1 2022 06 01 01 19 225.29557428636068
STA1 2022 06 01 01 20 203.23369664564518
STA1 2022 06 01 01 21 183.9978624690175
STA1 2022 06 01 01 22 167.13853811567895
STA1 2022 06 01 01 23 152.29093868322778
STA1 2022 06 01 01 24 139.15670449363026
STA1 2022 06 01 01 25 127.49001491434049
STA1 2022 06 01 01 26 117.0869569261356
STA1 2022 06 01 01 27 107.77730804732747
STA1 2022 06 01 01 28 99.41812904876186
STA1 2022 06 01 01 29 91.8887265646026
STA1 2022 06 01 01 30 85.08666210651405
STA1 2022 06 01 01 31 78.92456721783365
STA1 2022 06 01 01 32 73.32758465371093
STA1 2022 06 01 01 33 68.23129938107196
STA1 2022 06 01 01 34 63.580055547535245
STA1 2022 06 01 01 35 59.32557962302002
STA1 2022 06 01 01 36 55.42584795142173
STA1 2022 06 01 01 37 51.84415057666983
STA1 2022 06 01 01 38 48.54831358178575
STA1 2022 06 01 01 39 45.51005013372199
STA1 2022 06 01 01 40 42.7044165664839
STA1 2022 06 01 01 41 40.10935460455826
STA1 2022 06 01 01 42 37.70530455636286
STA1 2022 06 01 01 43 35.47487723776991
STA1 2022 06 01 01 44 33.40257470204
STA1 2022 06 01 01 45 31.474551693084656
STA1 2022 06 01 01 46 29.678411208933696
STA1 2022 06 01 01 47 28.00302874191596
STA1 2022 06 01 01 48 26.438400713090846
STA1 2022 06 01 01 49 24.97551338859163
STA1 2022 06 01 01 50 23.606229191824212
STA1 2022 06 01 01 51 22.323187836851602
STA1 2022 06 01 01 52 21.11972012750365
STA1 2022 06 01 01 53 19.989772611692022
STA1 2022 06 01 01 54 18.92784156527267
STA1 2022 06 01 01 55 17.928915015868434
STA1 2022 06 01 01 56 16.988421713357653
STA1 2022 06 01 01 57 16.102186117485886
STA1 2022 06 01 01 58 15.266388610089416
STA1 2022 06 01 01 59 14.477530254437747
STA1 2022 06 01 02 00 13.732401521028041
STA1 2022 06 01 02 01 13.028054480904665
STA1 2022 06 01 02 02 12.361778036770865
STA1 2022 06 01 02 03 11.731075820888732
STA1 2022 06 01 02 04 11.133646438737957
STA1 2022 06 01 02 05 10.567365780034391
STA1 2022 06 01 02 06 10.030271155163042
STA1 2022 06 01 02 07 9.520547046324605
STA1 2022 06 01 02 08 9.036512289535061
STA1 2022 06 01 02 09 8.576608526725597
STA1 2022 06 01 02 10 8.13938978712734
STA1 2022 06 01 02 11 7.72351307436198
STA1 2022 06 01 02 12 7.327729850592048
STA1 2022 06 01 02 13 6.950878322046165
STA1 2022 06 01 02 14 6.59187644150704
STA1 2022 06 01 02 15 6.249715553171289
STA1 2022 06 01 02 16 5.923454613863068
STA1 2022 06 01 02 17 5.6122149320794765
STA1 2022 06 01 02 18 5.315175372911352
STA1 2022 06 01 02 19 5.031567982643859
STA1 2022 06 01 02 20 4.760673991903352
STA1 2022 06 01 02 21 4.501820160672945
STA1 2022 06 01 02 22 4.254375432427231
STA1 2022 06 01 02 23 4.01774786810457
STA1 2022 06 01 02 24 3.7913818337017355
STA1 2022 06 01 02 25 3.5747554179908807
STA1 2022 06 01 02 26 3.3673780592663336
STA1 2022 06 01 02 27 3.16878836216644
STA1 2022 06 01 02 28 2.978552087516403
STA1 2022 06 01 02 29 2.7962602998302195
